params:
{'H': 20,
 'animate': True,
 'epochs': 10000,
 'eta': 0.01,
 'grad_check': True,
 'grad_check_epsilon': 1e-05,
 'lambda': 0,
 'log_interval': 100,
 'run_name': 'fcann2_2021-02-01--15.01.42_H=20_eta=0.01_lambda=0_epochs=10000',
 'save_dir': '/mnt/terra/xoding/fer-du/imgs/fcann2/fcann2_2021-02-01--15.01.42_H=20_eta=0.01_lambda=0_epochs=10000',
 'show_plots': False}
results:{'accuracy': 0.9766666666666667,
 'b1': array([ 0.00269668, -0.00235972, -1.20413031,  0.        ,  0.52446381,
       -0.35002356, -0.03251823, -0.40314791,  0.00335374, -0.21741963,
        0.04441488, -0.07161971,  0.        ,  0.        ,  0.03611087,
        0.73902948,  1.65540502,  0.07619101, -0.11021148, -1.75219012]),
 'b2': array([ 0.70185305, -0.04743764, -0.65441542]),
 'precision': array([[ 98,   1,   1],
       [  5,  95,   0],
       [  0,   0, 100]]),
 'recall': [(0.98, 0.9514563106796117),
            (0.95, 0.9895833333333334),
            (1.0, 0.9900990099009901)],
 'train_loss': 0.07040366883664885,
 'w1': array([[-1.64956914, -0.50546978,  0.77265729, -1.34025356,  0.45209654,
        -0.26005384, -0.68169744,  1.15300819, -1.00102301,  0.62689302,
         0.70483716, -0.86049262, -1.30700285, -0.35722961, -0.8126442 ,
        -0.35709594,  1.0783001 , -0.59945201,  0.24686788,  0.77777651],
       [ 0.13821678, -1.39447974,  0.32678128, -1.85192626, -2.12360543,
         2.0246836 ,  0.16980881,  0.18469623, -1.82576079, -0.42208704,
        -0.20126255,  1.07130873, -0.639867  , -0.2011007 ,  0.54608121,
         1.54648049, -0.36934255,  1.74706171,  0.83039381, -0.87497061]]),
 'w1_mean': -0.13096093402535774,
 'w1_std': 1.010560487201059,
 'w2': array([[ 4.11755494e-01,  5.81356065e-01, -2.90499678e-01],
       [-6.09793168e-01, -4.63173074e-01, -1.12219036e+00],
       [-1.43006578e+00, -8.41347162e-01,  9.33565889e-01],
       [-8.55686920e-01,  5.40583195e-01, -5.66711810e-01],
       [-4.15273751e-01, -5.47117006e-03, -2.16653702e+00],
       [-1.15184375e+00, -9.38912687e-01, -4.10440660e-01],
       [ 1.85511764e+00,  6.64045436e-01,  5.22627722e-01],
       [ 9.10634314e-01,  7.75779926e-01,  1.76237105e+00],
       [-4.48443580e-01, -6.80265183e-01,  6.30062418e-01],
       [-5.32960693e-01,  1.53001946e-01, -8.46820078e-02],
       [ 1.04897146e-01, -2.94227078e-01,  7.50467927e-02],
       [ 1.43555158e+00, -1.44410181e+00,  1.03628521e+00],
       [ 1.32938569e+00,  2.26294554e-01, -4.26394051e-01],
       [-6.60444064e-01, -8.86830769e-01,  9.39148284e-01],
       [-1.74423768e+00,  1.06662391e+00, -2.59738108e-03],
       [-5.97828443e-01, -3.72526727e-01, -2.22089345e+00],
       [ 2.96662465e+00,  8.02480182e-01, -7.05013548e-02],
       [-5.38923646e-01,  1.32954036e+00, -1.36248128e+00],
       [-8.31166953e-01, -1.11874579e+00, -5.78978591e-01],
       [-1.37378456e+00,  3.09715628e-01,  2.11285489e+00]]),
 'w2_mean': -0.06772686855413207,
 'w2_std': 1.0453853208711588}
