params:
{'H': 100,
 'animate': True,
 'epochs': 10000,
 'eta': 0.01,
 'grad_check': True,
 'grad_check_epsilon': 1e-05,
 'lambda': 0,
 'log_interval': 100,
 'run_name': 'fcann2_2021-02-01--14.59.44_H=100_eta=0.01_lambda=0_epochs=10000',
 'save_dir': '/mnt/terra/xoding/fer-du/imgs/fcann2/fcann2_2021-02-01--14.59.44_H=100_eta=0.01_lambda=0_epochs=10000',
 'show_plots': False}
results:{'accuracy': 0.99,
 'b1': array([ 0.5485913 , -0.04629122, -0.11559674, -0.20305066, -0.03273137,
        0.17156554, -0.24259823, -0.04380033,  0.02832721, -0.03211049,
        0.13010416,  0.22608622,  0.2664155 , -0.00331651,  0.00427741,
        0.1429202 , -0.24247467, -0.16616446, -0.21425293,  0.07470828,
       -0.0107341 ,  0.00688409,  0.06374354, -0.0785683 , -0.11544638,
        0.38835497, -0.19512021, -0.10565521, -0.10670862,  0.2843791 ,
       -0.32965076, -0.5585347 , -0.25581238, -0.06399218, -0.14303285,
       -0.03446069, -0.07695972, -0.0460332 , -0.0878709 , -0.04656707,
        0.00146328,  0.02544645, -0.01783475, -0.33014725, -0.04451069,
       -0.0188138 ,  0.04000245, -0.09532327, -0.12200505, -0.12345076,
       -0.15133913,  0.13104484, -0.26819355, -0.01439771,  0.0162193 ,
       -0.23082517, -0.02140558,  0.03545246, -0.13378892, -0.12589262,
       -0.03482166, -0.00638925, -0.17390654, -0.10781792, -0.11126643,
       -0.13904289,  0.07074877,  0.0593604 ,  0.0128245 , -0.11354847,
        0.05323792, -0.10887486,  0.02004306,  0.11333221, -0.0475594 ,
       -0.2060615 ,  0.01046359, -0.04000507,  0.08354057, -0.21141121,
       -0.17678482, -0.05768519, -0.20978041,  0.15368326, -0.0630438 ,
        0.20511678,  0.19656258, -0.04155278, -0.02989665, -0.1757805 ,
        0.05308917, -0.00276601, -0.07045932,  0.04627326, -0.03914951,
        0.77474542,  0.06987111,  0.01973976,  0.2379834 ,  0.26878235]),
 'b2': array([ 0.13314321,  0.01394938, -0.14709259]),
 'precision': array([[100,   0,   0],
       [  3,  97,   0],
       [  0,   0, 100]]),
 'recall': [(1.0, 0.970873786407767),
            (0.97, 1.0), (1.0, 1.0)],
 'train_loss': 0.032187277972778476,
 'w1': array([[-1.77476434, -0.5020855 ,  0.73831671, -1.32264222,  0.88878067,
        -0.06685387, -0.57232639,  1.08480972, -1.00923241,  0.65427672,
         0.61855096, -0.96541539, -1.32618753, -0.35014387, -0.82683129,
        -0.20820214,  0.8746689 , -0.28581611,  0.4409794 ,  0.46095328,
         0.17588973, -1.40053147,  0.42907298, -1.90497298, -2.12853007,
         1.98944927,  0.62016722,  0.31136638, -1.79500083, -0.48132726,
        -0.24365789,  1.87794702, -0.517429  , -0.20411024,  0.12980672,
         1.31315441, -0.67190146,  1.57686719,  0.99337879, -0.90928878,
         0.35628561,  0.44987118, -0.31669389, -0.52472402, -0.45364231,
        -1.12101613, -1.30850641, -0.71638296,  0.77715339, -0.84362957,
         0.54993096, -0.5533756 , -0.43403084,  0.27708025, -2.21787232,
        -1.03813037, -1.28208068, -0.15874924,  1.99433487,  0.77967803,
         0.43633372,  0.70854833,  1.2322978 ,  1.70794355, -0.48464899,
        -0.67389089,  0.73502719, -0.55159353,  0.32181371, -0.24288435,
        -0.07443237,  0.17053814,  0.02605787,  1.53462977, -1.86164726,
         1.28321225,  1.14936954,  0.25146077, -0.42622827, -0.64536516,
        -0.87234598,  0.99731502, -1.68421239,  1.0018618 , -0.01347069,
        -0.82877843, -0.62415838, -1.78143469,  2.10264366,  1.0159569 ,
         0.25452438, -0.58822593,  1.166233  , -1.02308365, -0.88993365,
        -1.1042025 , -0.46141158, -0.8329949 ,  0.23460955,  1.34680556],
       [-2.8317431 , -0.21724633,  1.09454801,  0.07440635,  0.87516492,
         1.33069469, -1.17332967,  0.27726558, -0.70068665,  0.1931191 ,
        -1.23378722,  0.6899788 , -1.93872247,  0.23369927, -0.30794764,
         3.22124242, -1.92805848, -1.22759104, -0.38096829, -0.30724616,
        -0.45576084,  0.37484447, -0.25991187,  0.8507644 , -0.70476708,
         0.03902208, -0.95304434,  0.66349855,  0.2309717 , -0.60929539,
         1.48402931, -1.36710619, -0.3639175 ,  0.05705584, -0.71172969,
         0.95939291,  0.903479  ,  0.68170913,  0.09059122, -0.54737483,
         0.38608129, -0.08368165,  0.13627353, -0.37730826, -0.11829108,
        -0.32340423, -0.67279454,  0.50450054,  0.61159859,  0.01624707,
         1.71242788,  1.55574615, -0.3435674 , -0.76415928, -0.23309144,
         0.16693622,  1.47567255,  0.19350661, -0.37805526,  0.51338763,
        -0.78109115,  0.28899359, -1.15698628,  0.38548612,  0.47216704,
         0.00717068, -1.26705144,  0.03305254,  0.11216008,  0.6673219 ,
         1.40369765, -0.1485508 ,  1.03210522,  1.07891677, -0.68121459,
        -0.48663495,  0.97160831, -1.43851464, -0.12614592,  0.20314248,
        -1.20342531,  0.93489279, -0.27281658,  0.122366  ,  0.44349636,
        -0.26460791, -0.94015972, -0.97753424,  0.28706275,  1.38661986,
        -0.95605893, -0.53770412,  0.13783288, -0.35509463,  0.41890549,
        -1.1175339 ,  0.41410489,  2.1735895 , -1.06708006, -1.12759601]]),
 'w1_mean': -0.049544582106628925,
 'w1_std': 0.9651387138853849,
 'w2': array([[ 9.45337150e-01, -8.00428077e-01, -1.23184789e+00],
       [-1.95196395e-01, -1.11665496e-01,  1.24164438e+00],
       [-3.16020041e-01, -8.83471304e-01, -1.32099677e+00],
       [-1.56619730e-01,  1.56371012e+00,  1.18377786e-01],
       [ 5.91633219e-01,  3.59196075e-01,  6.06930967e-01],
       [ 4.63259114e-01,  9.23108737e-01, -9.71151503e-01],
       [-9.33325081e-01,  1.25867211e+00, -1.39308468e+00],
       [ 1.50059625e+00, -1.94193181e+00,  2.44282349e-01],
       [-8.92540894e-02,  6.43258119e-02, -9.48497173e-01],
       [ 1.25961080e+00, -1.13982452e+00, -5.28202449e-01],
       [ 3.86884671e-01, -7.84764195e-01,  2.81585721e-02],
       [-5.03999280e-01,  2.75249438e+00,  8.37241449e-01],
       [ 9.62414261e-01,  1.59080353e-01, -2.15564523e-01],
       [ 2.42009694e-01,  7.79677506e-01,  1.41104325e+00],
       [ 4.88791675e-01,  4.05075690e-01,  7.48020253e-01],
       [-1.44847095e+00,  7.71313962e-01, -6.75951413e-01],
       [-1.66538797e+00, -4.40187064e-01,  7.83745761e-02],
       [-1.28203776e+00,  5.52842484e-01, -7.48644633e-01],
       [-8.71263095e-01, -9.24537223e-01,  1.74169087e+00],
       [ 3.10537000e-01, -6.84075557e-01, -1.62684532e-01],
       [ 3.67348965e-01, -3.57991354e-02,  8.61315819e-01],
       [-3.32686393e-01, -1.39216867e-01, -1.82496119e+00],
       [ 1.31398538e+00,  2.09977184e-01,  2.05530789e-02],
       [ 1.25830285e+00, -1.58511654e-01, -4.70671305e-01],
       [-1.20544961e+00, -9.34172868e-01,  1.81371060e+00],
       [ 6.18371389e-01,  2.49878496e+00, -9.42731616e-01],
       [-1.35461782e-01,  4.51717922e-02,  1.99672294e+00],
       [ 4.70069493e-01, -2.01316515e-01, -2.69344162e-02],
       [-3.59646282e-01,  5.05427558e-01,  1.56770559e+00],
       [ 1.07896859e+00,  7.38756895e-01, -1.68289722e+00],
       [ 1.12818391e+00, -2.13773762e+00,  6.17070728e-01],
       [-2.01906164e+00,  2.44699895e+00,  5.58840903e-01],
       [ 2.19075470e-02,  2.18434462e+00, -1.21861695e+00],
       [-1.58978579e+00,  8.59953875e-02,  1.40691354e+00],
       [-6.08588167e-01,  1.96244660e-01,  9.38185737e-01],
       [-9.91334884e-02, -1.18494713e+00, -8.78173167e-02],
       [ 2.72783469e-01,  4.94787497e-01,  2.00716805e+00],
       [-1.26852641e+00,  9.13741664e-01,  5.81065973e-01],
       [-8.63136965e-01, -8.33684631e-01, -3.90193481e-02],
       [ 1.00177735e-02, -1.26113749e-01,  8.30358933e-01],
       [-2.28726934e-01, -7.11586856e-01, -1.20734192e+00],
       [ 2.70604733e-01, -5.13156261e-01, -9.91381548e-01],
       [-6.92996218e-01, -1.83935659e+00, -2.84724333e-01],
       [-1.90759736e+00,  4.90873053e-01,  3.91642523e-02],
       [-6.13979564e-01,  5.57676732e-04, -3.50178354e-01],
       [-8.57447016e-02, -1.47206725e-01,  7.40198609e-01],
       [-6.53219434e-01,  1.59278492e-01, -8.45434694e-01],
       [-4.21885591e-01, -1.39788957e+00, -1.38522388e+00],
       [-6.72963102e-01, -1.57959434e+00,  1.20449495e+00],
       [-8.27706850e-01,  2.05408660e-01,  3.45656518e-02],
       [-4.93662745e-01, -1.04595538e+00,  4.84813064e-03],
       [ 2.12861000e+00,  8.59785433e-01, -1.74229722e+00],
       [-7.01810799e-01,  1.57296629e+00, -1.47951998e+00],
       [-2.75062088e-01, -1.08758814e+00,  6.43461391e-01],
       [ 1.23084272e-01, -9.71896757e-01, -1.72227225e-01],
       [-1.24458681e+00,  1.43842867e+00, -1.09804124e+00],
       [-1.13479835e+00, -1.14100050e+00, -7.73946074e-01],
       [-1.05469235e+00, -4.88873744e-01, -7.43493224e-01],
       [ 1.35728212e-01, -4.83520519e-02,  1.17660588e+00],
       [-6.95608270e-01, -3.63987592e-02,  9.96218971e-01],
       [-3.60376655e-01,  8.00071160e-01, -1.05148174e+00],
       [ 7.08427509e-01,  1.07822537e+00,  7.70640978e-01],
       [-1.02346986e+00, -2.58518995e-01,  3.23838249e-01],
       [-5.52641564e-01, -1.03748508e+00,  1.90654078e-01],
       [-1.87523007e-01, -1.61737737e+00, -1.35491192e+00],
       [-4.39675624e-01,  1.52069371e+00, -1.11120266e+00],
       [ 1.59839263e-01, -1.45592054e+00,  9.26418784e-01],
       [ 7.79321078e-01, -2.41532237e-01,  3.06541972e-01],
       [ 6.74289813e-01,  1.23440221e+00,  8.90906476e-01],
       [ 6.12752822e-01, -8.16333270e-01,  8.34533592e-02],
       [-5.57717871e-01, -1.81099187e-01, -7.66371839e-01],
       [-8.04049681e-01, -5.49062042e-01,  1.06477192e+00],
       [-2.87055589e-01,  6.28666753e-01,  4.63046918e-01],
       [ 1.41278694e+00, -6.91384433e-01,  2.20658954e-01],
       [-1.39322667e+00,  2.20912132e-02, -1.00014187e-01],
       [ 4.35847576e-01,  1.14538695e+00,  2.12260855e+00],
       [ 2.17343258e+00, -5.29480536e-01, -4.63350351e-02],
       [ 1.87240805e-02,  1.60962850e-01,  2.92379758e-01],
       [ 4.24651080e-02,  2.95839317e-01, -2.13144168e+00],
       [-1.75590112e+00,  4.75932228e-01,  2.14313334e+00],
       [-3.04077620e-01,  2.78747958e-01,  1.86792562e-01],
       [-4.88087472e-01, -6.01720810e-01,  4.76739419e-02],
       [ 5.88377929e-01,  2.60291220e+00,  8.04216490e-01],
       [-2.27403673e-01,  1.31352835e+00, -2.35231283e-01],
       [-9.49787007e-01, -4.01950521e-01,  1.00447534e+00],
       [ 7.22781455e-01, -1.77896742e+00, -8.40771665e-01],
       [ 1.66211653e+00,  4.79998447e-01,  2.35245815e-01],
       [-1.00972661e+00, -1.03241415e+00, -3.50398664e-01],
       [ 1.33029031e+00, -4.90758079e-01, -1.04926096e-01],
       [-5.09402391e-02, -7.88313345e-01, -1.20345453e+00],
       [-3.41316544e-01, -4.01812968e-01, -9.40834820e-01],
       [ 3.27838892e-01, -2.00750118e-02,  1.22539246e+00],
       [-7.00832535e-01,  1.35696403e+00,  1.49023156e+00],
       [-2.80070404e-01, -6.61395872e-01,  2.79719652e-01],
       [ 5.42345090e-01, -8.15023870e-02, -1.33838258e+00],
       [ 2.46289329e+00, -1.97006139e+00, -1.58116370e+00],
       [-4.41085088e-01, -2.22215132e-01, -1.28962729e+00],
       [ 7.26357383e-01,  1.09796581e+00,  1.00412249e+00],
       [ 2.02819670e+00, -3.44167014e-01, -5.37678025e-02],
       [ 1.64668731e+00, -8.74496236e-01, -5.65732848e-01]]),
 'w2_mean': -0.020821306124951762,
 'w2_std': 0.992531895974152}
