params:
{'H': 10,
 'animate': True,
 'epochs': 10000,
 'eta': 0.01,
 'grad_check': True,
 'grad_check_epsilon': 1e-05,
 'lambda': 0,
 'log_interval': 100,
 'run_name': 'fcann2_2021-02-01--14.59.24_H=10_eta=0.01_lambda=0_epochs=10000',
 'save_dir': '/mnt/terra/xoding/fer-du/imgs/fcann2/fcann2_2021-02-01--14.59.24_H=10_eta=0.01_lambda=0_epochs=10000',
 'show_plots': False}
results:{'accuracy': 0.98,
 'b1': array([-0.56634221, -0.84922008,  0.76270845, -0.62010389, -0.40088697,
        1.10154851, -0.43512356,  0.84803923,  0.70192758, -0.44961817]),
 'b2': array([ 0.59025237,  0.34523672, -0.93548909]),
 'precision': array([[ 97,   2,   1],
       [  3,  97,   0],
       [  0,   0, 100]]),
 'recall': [(0.97, 0.97),
            (0.97, 0.9797979797979798),
            (1.0, 0.9900990099009901)],
 'train_loss': 0.06156298725459892,
 'w1': array([[-0.94966671,  2.08472725, -0.81929595, -0.90979569,  1.44816175,
         0.28049473, -0.08811829,  0.72656916, -1.66335552,  0.54472457],
       [-0.08116854, -0.80534915, -1.65446241, -0.31054868, -0.73058463,
        -0.6508316 ,  0.12544316, -0.21926556,  0.89159265,  0.36094732]]),
 'w1_mean': -0.12098910704821622,
 'w1_std': 0.9397974920541154,
 'w2': array([[-0.41423841, -0.43008178,  0.10509599],
       [-2.2235006 , -2.24788179,  2.65866454],
       [ 1.06425279, -0.21283338, -1.98584785],
       [-0.37508354,  0.06603652,  1.53189986],
       [-1.11941241, -0.39295941,  0.62184283],
       [ 1.97497782, -0.92156094,  0.93783919],
       [ 0.80489109, -0.61870531,  0.26756255],
       [ 0.4968948 , -0.51990023, -0.33663156],
       [-1.28889609,  0.49134377, -2.04454849],
       [-0.70446712,  0.54379321, -0.76127992]]),
 'w2_mean': -0.16775779552483167,
 'w2_std': 1.1663722425703056}
